1.54
1.44
1.41
1.47
1.52
1.43
1.49
1.44
1.47
01.49
01.52
01.43
01.44
01.49
01.48
01.44
01.47
01.48
01.43
01.48
01.44
01.47
01.48
01.46
01.45
01.48
01.49
01.48
01.43
01.42
01.45
01.44
01.45
01.47
01.80
01.54
01.46
01.51
01.41
01.53
01.46
01.48
01.49
01.54
01.48
01.50
01.53
01.72
01.50
01.52
01.74
01.51
01.45
01.46
01.47
01.48
01.45
01.44
01.49
01.47
01.50
01.50
01.50
01.47
01.58
01.49
01.45
01.51
01.53
01.50
01.41
01.51
01.45
01.44
01.47
01.53
01.47
01.55
01.37
01.47
01.49
01.51
01.50
01.47
01.47
01.46
01.51
01.54
01.59
01.48
01.50
01.45
01.51
01.54
01.48
01.49
01.47
01.52
01.48
01.51